-8178 -14896 -22935 -2010 -27519 -24543
}  [ 	  
1325196885 1859775930 1175953858 1273024128 1221910763 182199024
45950 48516 27117 2999 18196 56782
 s 0 n { |
1 1 1 1 1 1
21258 61241 14112 35510 50500 63698
541250951 137106477 638845045 878652573 371402518 259795473
1203257357 182621625 851382209 456517332 400600880 975795125
0.078259 0.078259 0.078259 0.078259 0.078259 0.078259
1377301820 20519809 1699134019 721059323 1737388254 1119636543
H  C X  )
0.078259 0.078259 0.078259 0.078259 0.078259 0.078259
707782292 1267470542 575289421 316911880 121479652 18601718
0.078259 0.078259 0.078259 0.078259 0.078259 0.078259
846482663 1140426118 792981699 1531574716 875498735 361293847
N  ! 1 u !
1186261522 1809921052 1344189946 690463907 1137741215 858683241
1610459631 621407968 890267421 552504006 500195805 1305189367
2084666298 142919908 913212406 2143519484 1574152676 805910495

