0.078259 0.078259 0.078259 0.078259 0.078259 0.078259 0.078259 0.078259 0.078259 0.078259 0.078259 0.078259
6 b  E _ 4 4  O |  -
1377438715 1006556100 655986852 116119703 1492694848 1320293740 1433239638 1727743720 1480468530 2117442268 444359977 527199482
1950291021 679631323 561475344 206983157 894728679 2008607267 794078386 525510226 70829781 151187002 212465454 591765078
9940 46636 2197 9646 32287 64173 57418 37040 48729 44779 23365 46136
05vyiIomgsfLVhTb GfHm6E W GJMLIHcUNtykd srDNPg0jfvmJbBZ Dym42iosqjNEnOx3e B2tNkSi6lRV 4HPjubfzkSRsxaie 9MAV1 Ys KSupX 5uvd4JLMxkGiyoZ3sfA
1 1 1 1 1 1 1 1 1 1 1 1
19855 64971 58517 46438 63175 16704 9696 9054 41223 8704 56128 15672
 % C a L ! ) ) q $ { x
npyzGFVxZtMPefslD3 hGRuYgA h8fe6vI5US91 hTDom4 lX06oQdVaC  OCBfQA6cx 5TJko8HZNcjKtPhS h2 Bq7dlmEzTOyiuG Kb 1LN0awkpBIMTe
0.078259 0.078259 0.078259 0.078259 0.078259 0.078259 0.078259 0.078259 0.078259 0.078259 0.078259 0.078259
0.078259 0.078259 0.078259 0.078259 0.078259 0.078259 0.078259 0.078259 0.078259 0.078259 0.078259 0.078259
51942 5154 8055 16806 2147 43081 38739 22508 57139 20957 46861 49981
0.078259 0.078259 0.078259 0.078259 0.078259 0.078259 0.078259 0.078259 0.078259 0.078259 0.078259 0.078259
0.078259 0.078259 0.078259 0.078259 0.078259 0.078259 0.078259 0.078259 0.078259 0.078259 0.078259 0.078259
Wa50k Da87kwJ6IMrGeKsdjRQ nVN6PX5bMRs u XpoaOG XvWi47qL2PMO3 J8MBIOp6 4FP Jc2s0FDV93aZUmk S0wKWp2 IuinGLWYSfApcab7s 0Vk2UsJIfdzNiC
36439 28880 59810 41959 51699 15362 62870 30150 43171 56863 3679 31603
; z Y r v G R R 	  t w

